50	38	sample_12	sample_25	sample_34	sample_35	sample_36	sample_37	sample_38	sample_28	sample_29	sample_30	sample_31	sample_32	sample_33	sample_1	sample_2	sample_3	sample_4	sample_5	sample_6	sample_7	sample_8	sample_9	sample_10	sample_11	sample_13	sample_14	sample_15	sample_16	sample_17	sample_18	sample_19	sample_20	sample_21	sample_22	sample_23	sample_24	sample_26	sample_27
U22376	NO	551	1872	1126	880	473	186	680	794	1312	485	408	1047	335	3105	1118	4543	5467	3469	3309	3936	4745	4081	1658	2853	4746	1534	5311	4326	7155	1178	3427	6870	9177	4836	3085	5815	3265	2877
X59417	NO	846	3878	782	490	1648	528	99	1203	1561	1628	1784	1214	1583	3016	3424	7724	3821	5216	4194	5528	2073	7782	5204	6541	7743	1756	7288	6084	2455	1273	6482	7629	5746	699	2443	3840	3262	1810
U05259	NO	2504	5070	711	654	-14	218	251	-2	412	343	272	306	19	9326	895	628	5314	5354	282	5146	4048	423	585	147	5075	155	5767	3649	218	3339	2696	8148	2805	5397	870	5955	8219	4184
M92287	NO	2056	1689	498	165	1309	852	1484	1283	1525	811	1032	1024	1827	4778	2700	4926	5403	3440	3179	3978	3293	7324	2676	6134	10669	1912	9211	3345	2360	1316	2492	6464	524	3253	3796	4093	5204	2581
M31211	NO	334	481	153	19	88	139	75	300	237	100	192	339	59	601	435	547	472	661	337	309	263	978	752	897	668	265	898	666	374	516	473	1487	688	143	376	531	647	145
X74262	NO	209	489	279	336	194	130	51	596	309	313	275	311	19	1372	1184	2221	1051	1370	1306	1339	655	3593	1058	953	1624	2050	1995	1625	3139	882	1459	4253	768	176	862	1409	716	500
D26156	NO	329	738	302	201	667	697	721	893	624	388	432	706	736	1595	822	1452	654	1011	1584	578	1024	1297	971	1913	1593	1011	1763	2065	1778	764	1448	2191	768	1323	1992	1210	2143	1245
S50223	NO	90	301	56	168	-73	-53	62	107	150	-1	31	210	-94	268	346	804	452	476	256	208	310	640	152	441	545	570	571	235	352	-65	84	867	323	241	493	502	101	20
M31523	NO	474	553	299	389	126	190	275	353	279	250	381	671	200	1320	898	597	1644	1322	787	946	1917	1440	442	617	1969	686	2572	1439	989	1186	1224	4555	2707	274	590	1823	1909	1076
L47738	NO	140	223	12	218	8	-80	201	449	65	172	239	683	153	571	2893	2723	731	649	1858	280	1716	2388	913	2147	556	1483	1505	904	643	669	1137	3810	1631	857	813	899	759	899
U32944	NO	277	1081	427	288	295	224	230	384	179	651	469	328	133	3349	1002	2089	1625	3502	316	1530	1042	2286	934	282	2069	1613	2952	3110	2591	820	1116	5908	1143	108	146	2457	1480	1283
Z15115	NO	1277	2242	2271	1082	2007	802	939	1238	967	1365	1568	1843	936	8444	1920	3118	4261	3425	1790	3810	6153	3303	1329	2525	6216	3382	5831	5617	3714	1616	4692	11241	9114	2572	1601	6110	3074	5374
X13949	NO	-2	163	35	79	71	14	64	64	35	-5	23	59	33	277	104	91	403	416	46	267	314	210	97	27	588	307	747	393	822	515	339	748	201	48	-36	598	169	104
X63469	NO	43	162	181	74	202	4	-25	28	178	12	115	136	63	460	151	230	314	632	181	213	227	362	47	225	495	442	522	467	485	472	156	629	256	104	172	494	348	217
M91432	NO	76	363	263	226	87	183	111	323	125	158	295	368	110	767	814	1547	831	1423	430	764	752	1777	426	472	920	606	1417	869	2031	954	532	3192	896	70	321	992	636	419
U29175	NO	219	404	454	391	412	393	286	429	314	208	385	688	248	1582	624	753	743	626	1157	552	572	1776	756	1972	1322	732	1636	2076	917	453	1660	2174	3707	295	1377	1456	1982	949
Z69881	NO	291	892	784	406	118	43	214	172	371	292	248	618	-203	1766	2015	3556	828	1496	2606	473	2067	4461	1777	2744	3578	1706	2041	3847	8578	111	576	5796	-11	1628	1962	1306	2452	760
U20998	NO	426	498	407	529	697	786	845	824	1174	440	651	660	580	1753	1602	2761	1486	2298	1013	898	1586	2334	878	2016	2151	2263	2901	2523	3297	954	1146	4700	2914	1000	1122	2298	753	672
D38073	NO	314	521	238	382	245	267	342	832	294	148	309	259	256	994	539	1441	680	950	1258	509	331	1974	664	884	1991	1062	1030	675	1731	762	800	1158	1185	141	767	1145	700	456
U26266	NO	60	166	282	43	64	-44	-179	151	66	-49	-36	192	-303	289	288	447	424	364	320	381	53	869	403	526	673	308	929	698	1060	358	310	1047	-67	-44	395	651	190	201
M31303	NO	2290	2910	1647	2195	1885	1359	1291	2176	1486	730	3719	1985	1528	3828	3021	7247	3780	3563	4890	3330	4213	7230	5052	3352	4751	2346	3347	3207	6633	2143	2291	5933	2306	2131	4677	3182	2648	2818
Y08612	NO	119	292	200	86	209	253	199	292	151	173	119	185	172	517	351	214	432	596	220	196	436	513	114	492	393	416	651	278	623	198	251	847	689	290	199	569	424	517
U35451	NO	15	116	208	57	214	149	195	209	29	160	223	293	73	408	633	912	304	398	506	357	134	982	613	745	810	404	547	72	665	726	95	767	600	247	442	621	96	291
M29696	NO	363	5653	517	459	268	607	448	485	185	281	444	438	1068	3863	511	1952	6127	2547	1804	1129	1412	5817	769	1704	1515	3854	4436	2206	754	27	473	4409	1536	678	2103	1478	2281	503
M13792	NO	1695	2425	911	2551	1297	753	2708	2493	487	769	1614	4148	1446	3221	10954	16529	5364	2837	16135	6067	3103	15235	8982	8630	4765	3529	9000	10227	8469	2091	2273	12217	2973	1743	12805	5981	3323	2617
M55150	NO	412	842	1811	1406	1707	2072	1753	1929	1647	2112	1555	1514	2693	654	1283	1286	915	732	691	853	1238	822	885	680	548	1157	387	707	1822	738	907	860	92	686	803	803	514	561
X95735	NO	408	700	2947	1050	4863	2612	1671	2224	3348	6218	1548	3297	3482	298	307	309	693	713	247	52	-215	-223	492	-25	724	360	938	848	926	390	615	827	68	122	-108	222	433	-674
U50136	NO	747	1171	2402	2137	3965	2539	2286	1641	2545	3818	2943	2535	1373	1124	1062	1398	942	928	842	1066	1668	966	1175	626	706	864	515	825	1837	883	1309	817	383	825	731	899	805	1286
M16038	NO	399	50	1674	735	2727	2399	784	679	1305	2694	1028	2680	3223	365	624	108	873	686	302	325	244	273	144	34	281	589	854	289	534	540	44	616	447	239	9	515	268	483
U82759	NO	15	267	652	262	618	805	673	822	1137	1050	1157	1083	1099	393	118	667	410	119	147	735	248	258	409	306	87	188	99	67	-226	102	432	359	149	160	366	770	59	-187
M23197	NO	287	203	1450	781	970	408	275	316	555	1130	1338	774	443	261	101	309	288	395	58	84	251	155	167	140	152	145	81	202	286	141	155	180	139	124	108	102	128	84
M84526	NO	41	-203	4830	-312	4573	6759	1569	-21	6569	7372	4833	141	2000	-283	-65	-395	-367	290	-40	-366	-656	-231	-36	-152	-104	-140	-198	-102	-158	-76	-108	-58	-151	-243	-275	-263	-53	-398
Y12670	NO	258	402	1807	1038	1051	1064	2538	733	1296	647	1085	1467	1513	600	337	574	716	524	270	463	689	262	167	174	201	180	625	330	784	314	146	636	371	180	780	655	190	273
M27891	NO	107	-229	1537	1481	17863	13296	1661	1073	6962	14555	7238	12339	3654	303	1358	254	-304	-86	1168	-233	-247	336	498	-376	-97	820	76	36	375	22	-180	205	-124	-102	425	-205	66	34
X17042	NO	5252	3711	8518	3628	10603	8479	1285	7858	8859	11003	5849	3259	8855	177	3460	416	392	7972	597	403	140	848	1094	1343	2408	2525	2133	1232	1150	1232	1519	180	1912	354	178	1687	1750	291
Y00787	NO	3684	9270	8054	216	17022	19361	10043	15202	3104	6506	2096	12715	21147	333	5345	301	241	93	215	159	455	445	522	1278	116	94	29	38	282	136	-53	119	118	206	146	185	183	150
M96326	NO	1296	502	13464	1233	7955	9933	2676	548	19615	9994	7791	976	4108	782	368	1268	882	949	910	826	1302	1337	82	737	160	838	520	478	7	-144	45	-862	343	678	1177	734	29	176
U46751	NO	1347	1395	4719	1106	5868	6903	7061	7113	3717	11618	1262	3088	5749	1298	1379	1496	1401	1894	528	1747	1514	803	1939	587	1489	1784	2286	944	1888	2111	1983	2731	1962	1739	585	1571	1437	990
M80254	NO	267	13	59	72	692	672	307	373	550	425	82	619	864	-88	109	-53	-111	139	46	-77	-214	94	45	40	70	136	135	18	184	10	-38	17	34	-23	30	209	19	-100
L08246	NO	2095	635	3127	853	6159	5503	2083	6718	1766	4915	2056	4136	4126	543	2972	485	740	2453	375	961	404	783	1288	733	1405	742	1718	623	1016	1198	1010	1969	1377	791	596	868	827	190
M62762	NO	1030	933	3236	1125	4647	3808	3594	2702	1736	3553	3255	4249	1871	835	3072	609	935	1665	499	764	1323	1741	1188	1870	1482	892	1306	593	2376	542	809	2475	1514	1977	672	1235	1114	-9
M28130	NO	1855	4271	3693	-45	11517	12979	5072	10476	1653	2971	688	7108	13176	292	2062	-25	-2	138	23	107	-19	104	-35	189	3	9	91	73	17	41	16	242	184	155	148	-146	29	-233
M63138	NO	1763	1371	5587	3909	12358	7125	2275	4214	2558	8793	4630	7373	2771	1410	2325	2789	1132	1269	1854	2735	1962	2900	1855	1471	786	2337	2035	1910	4215	711	1346	2273	545	949	1297	1343	1330	2127
M57710	NO	988	560	394	72	5940	6247	6530	159	5824	7142	499	1853	6704	-115	2171	-26	22	244	108	-45	674	103	252	9	-42	389	-46	-48	-83	944	343	950	64	88	-85	-96	43	-269
M69043	NO	7901	14011	13338	2306	21135	12115	5902	13895	1908	11990	9866	10899	14090	1489	6084	2281	2178	1094	1513	2866	2129	3862	1974	2561	3602	1204	2859	1259	2689	2753	815	2233	5193	1026	740	2785	2381	569
M81695	NO	494	439	1702	1137	2014	2683	974	1147	478	2279	754	978	1690	695	812	810	599	282	711	556	1281	746	513	461	315	1030	333	426	588	666	250	284	137	401	613	513	416	430
X85116	NO	530	559	727	1639	1096	3397	4465	2274	2195	478	983	1017	1999	162	169	-18	199	334	117	378	571	-8	176	139	182	452	304	540	1263	203	1074	1071	675	177	417	300	342	7
M19045	NO	3939	515	4259	2517	15519	13221	2702	2475	3605	6268	7035	7969	13195	382	3606	2997	1331	3069	2850	1201	1947	2629	2148	969	210	3633	735	637	973	1263	694	888	447	527	1820	71	304	2331
M83652	NO	252	-49	1338	565	2892	157	-245	1179	868	1537	1675	657	562	-70	364	-208	34	218	401	255	-100	521	-169	-276	4	493	114	-91	78	-163	-196	-345	82	-175	121	-183	-65	-239
X04085	NO	294	747	5878	2140	5162	2887	4681	3077	6000	5065	7260	2027	3072	1057	1395	823	1655	2000	537	6133	775	633	463	628	1220	662	1990	1143	2474	220	1271	4004	1781	350	431	3970	773	115
